30
203
89
101
51
360
51
41
3
301
212
212
130
359
192
127
50
127
232
183
196
196
373
232
235
196
235
113
196
288
222
329
32
17
181
301
301
44
111
387
32
116
345
348
192
395
249
40
255
224
132
129
1
14
1
1
329
5
395
322
5
221
377
282
377
98
98
155
290
155
335
5
98
213
88
150
196
207
20
382
67
18
61
389
196
37
281
178
15
15
136
136
137
137
11
389
254
137
277
184
339
11
20
325
391
196
343
13
376
376
99
99
206
284
211
391
67
149
67
229
233
233
362
199
379
74
64
141
141
237
190
268
326
298
55
77
91
36
9
86
210
349
31
197
71
321
320
172
147
37
192
342
289
289
58
265
245
263
345
91
54
392
249
5
263
397
263
376
376
263
91
390
198
198
275
274
275
252
240
258
225
404
23
87
236
130
251
92
159
135
409
291
159
189
291
242
260
107
242
293
231
94
209
406
366
112
202
142
272
200
328
406
63
310
297
33
328
409
369
354
74
384
296
157
266
10
35
94
81
239
106
85
63
270
224
98
19
98
179
138
193
148
223
203
67
196
78
227
388
256
383
148
219
271
25
271
347
168
196
318
318
96
224
364
148
201
386
83
55
318
81
103
404
55
301
397
404
400
46
404
386
89
404
120
67
404
324
377
2
164
196
55
377
151
45
185
340
401
392
234
143
90
29
363
371
180
334
196
90
363
301
355
105
171
153
301
365
313
313
394
356
38
179
124
323
196
276
294
329
6
29
313
216
214
227
75
55
29
153
182
192
105
105
182
182
89
154
146
105
153
305
76
372
312
261
380
386
296
261
386
21
220
386
123
123
301
301
320
306
336
196
329
329
356
301
109
352
65
179
45
68
154
365
203
203
320
301
383
408
110
45
408
283
295
2
307
307
248
248
248
276
276
16
16
367
302
179
203
30
394
309
30
