1
2
68
69
149
71
72
3
73
74
75
77
4
5
6
7
8
9
79
78
185
275
234
235
236
186
187
169
152
80
10
11
12
81
82
153
83
13
154
84
85
86
88
14
89
155
15
91
92
93
94
17
95
96
97
18
98
19
20
101
100
99
157
156
171
190
191
218
249
248
247
246
245
244
189
242
241
240
239
217
212
170
188
216
238
237
223
294
393
450
480
479
545
481
451
295
296
297
298
299
300
302
303
452
482
554
555
556
557
596
652
653
559
546
483
453
305
306
250
251
224
192
172
193
158
21
22
103
104
23
24
106
25
26
27
173
194
253
254
309
310
401
432
440
457
489
402
433
441
458
490
403
434
442
459
491
492
460
461
493
462
494
495
529
528
527
526
525
608
607
606
605
604
603
602
601
600
599
598
524
523
522
521
520
514
485
486
454
455
487
515
488
456
439
431
400
399
398
397
396
308
307
395
394
484
518
519
560
561
659
658
657
656
655
654
773
808
812
830
861
813
862
814
863
1052
1051
1050
1048
1047
1046
1045
1163
1162
1044
1043
1042
1041
1040
1161
1195
1223
1261
1262
1337
1336
1307
1291
1306
1305
1304
1303
1259
1221
1260
1222
1159
1158
1157
1036
1037
1160
1038
989
988
987
986
985
984
983
982
981
892
859
828
810
860
829
811
807
772
806
771
651
650
770
769
768
649
648
647
646
645
644
643
767
766
765
642
764
824
852
894
895
853
891
825
854
896
926
934
935
936
937
897
898
855
826
809
827
856
858
899
938
1030
1154
1183
1192
1218
1256
1290
1255
1217
1191
1029
1028
1027
1026
1025
1024
1023
1022
1021
1020
1153
1190
1216
1253
1328
1329
1330
1331
1332
1333
1393
1394
1395
1396
1397
1257
1219
1193
1184
1155
1031
1032
1033
1034
1035
1156
1194
1220
1258
1335
1334
1469
1470
1471
1671
1641
1583
1472
1473
1474
1475
1476
1477
1478
1479
1584
1622
1642
1672
1702
1708
1804
1805
1806
1807
1709
1673
1674
1710
1711
1763
1764
1765
1766
1703
1712
1675
1623
1588
1488
1489
1490
1404
1403
1402
1344
1343
1487
1486
1485
1484
1587
1586
1585
1483
1482
1481
1480
1338
1339
1340
1341
1342
1398
1399
1400
1401
1308
1292
1263
1224
1196
1164
1053
1054
1055
1197
1225
1264
1165
1056
1057
1058
1059
1060
1061
907
939
869
868
834
867
906
893
905
904
903
902
901
900
864
831
832
865
866
833
777
776
775
774
660
661
662
778
779
780
663
664
781
665
666
667
668
782
783
784
836
871
835
870
908
909
940
941
942
943
872
837
815
785
669
670
671
672
673
674
676
677
678
679
680
681
682
610
611
612
613
547
497
464
330
331
332
333
334
335
336
412
413
414
415
416
417
418
419
420
421
422
423
424
425
344
343
342
341
340
339
338
337
225
219
266
204
203
201
179
178
200
329
328
326
325
324
323
565
563
496
463
443
410
321
320
319
317
316
409
408
407
406
405
404
313
314
315
196
175
263
262
261
260
259
258
257
256
255
195
174
167
159
110
109
108
28
29
111
112
113
114
115
116
117
30
118
119
120
121
31
122
33
34
35
124
160
197
198
176
199
177
36
125
37
38
127
39
40
128
41
161
129
43
44
130
46
131
47
48
132
133
49
50
162
134
135
51
52
136
53
137
138
54
139
184
209
270
269
183
208
229
268
267
220
213
182
207
228
227
206
181
180
205
226
278
346
505
472
506
548
798
712
713
799
800
714
715
716
717
718
719
720
721
722
723
724
725
726
727
728
729
624
623
622
621
620
619
618
617
616
615
614
576
575
574
573
572
571
570
544
507
426
348
349
350
351
352
353
354
355
356
435
445
473
508
516
509
474
446
436
427
428
437
447
475
510
429
438
448
476
511
512
513
430
359
214
210
163
55
56
57
58
164
221
360
732
760
994
1125
1283
1381
1317
1316
1315
1281
1280
1207
1237
1279
1380
1379
1378
1417
1541
1542
1543
1544
1545
1546
1600
1547
1549
1550
1686
1629
1650
1685
1821
1822
1823
1959
2014
1958
1956
1955
1954
2013
2012
2011
1953
1952
1951
1950
1949
1948
1947
1946
1944
1943
1942
1941
1940
1939
1938
1937
1936
1935
1982
1933
1932
1931
1818
1780
1779
1817
1778
1776
1775
1774
1718
1717
1716
1715
1714
1682
1648
1683
1595
1594
1509
1510
1511
1596
1597
1598
1512
1513
1514
1515
1517
1518
1573
1519
1520
1521
1522
1523
1524
1525
1526
1781
1782
1783
1819
1784
1785
1820
1786
1787
1788
1789
1790
1791
1684
1649
1628
1599
1540
1538
1537
1536
1535
1534
1533
1532
1531
1530
1529
1528
1574
1527
1377
1376
1375
1374
1373
1372
1371
1370
1415
1414
1413
1412
1369
1368
1367
1310
1411
1410
1366
1365
1364
1363
1295
1273
1232
1203
1311
1296
1275
1234
1204
1173
1101
1100
1099
1098
1172
1097
1096
1095
1094
1093
1092
1091
1171
1170
1090
1089
1088
1087
1086
1085
1084
1083
946
947
948
910
911
912
913
914
915
916
917
918
919
920
949
950
951
952
953
954
955
956
957
1103
1104
1105
1106
1107
1108
1109
1110
1111
1112
1113
1235
1277
1276
1416
1312
1313
1314
1278
1236
1206
1205
1187
1175
1174
1114
1115
1116
1117
1176
1118
1119
1120
1121
1122
1123
1124
1177
1178
1179
1180
889
963
962
961
960
959
958
888
848
887
847
820
821
803
802
801
819
846
886
818
845
885
921
884
883
882
711
710
709
708
707
706
705
704
703
702
701
700
699
698
697
540
541
542
543
504
471
470
503
539
538
537
536
535
502
469
468
501
534
533
532
531
530
500
467
499
466
411
444
465
498
567
566
683
684
685
686
687
688
689
690
691
787
788
692
789
790
791
792
693
695
696
793
794
795
796
797
844
881
880
843
842
879
878
841
840
877
875
786
817
838
874
945
944
873
816
993
992
991
1079
1080
1081
1082
1167
1185
1200
1229
1268
1293
1267
1228
1199
1078
1077
1076
1075
1074
1073
1072
1070
1069
1068
1067
1066
1065
1064
1063
1062
1166
1198
1226
1265
1345
1346
1347
1348
1349
1350
1351
1352
1353
1354
1355
1356
1357
1358
1359
1405
1406
1407
1408
1409
1309
1270
1294
1269
1230
1201
1186
1168
1169
1202
1231
1271
1272
1362
1361
1360
1507
1506
1505
1504
1503
1593
1615
1627
1681
1647
1614
1626
1646
1680
1704
1679
1645
1625
1592
1502
1501
1500
1499
1498
1497
1496
1495
1494
1493
1492
1491
1590
1589
1624
1676
1677
1643
1591
1644
1678
1713
1767
1768
1808
1809
1810
1811
1812
1813
1814
1815
1769
1770
1771
1772
1816
2005
2006
2007
1922
1923
1981
1924
1926
1927
1928
1929
1930
2209
2210
2211
2248
2212
2213
2249
2409
2372
2371
2369
2368
2367
2247
2208
2207
2246
2206
2091
2090
1921
1920
1919
1918
1916
2003
2002
1915
1914
1913
1912
1911
1910
1909
1908
1907
1906
1905
1904
1903
1902
1901
1900
1899
1898
1897
1896
1895
1894
1892
1891
1890
1889
1888
1887
1886
1885
1884
1883
1882
1881
1880
1879
1878
2000
2032
2054
2086
2169
2168
2167
2166
2165
2164
2163
2162
2161
2160
2159
2158
2085
1864
1865
1866
1867
1868
1869
1871
1872
1873
1874
1875
1876
1877
1803
1802
1801
1762
1761
1760
1759
1758
1707
1800
1757
1756
1755
1754
1753
1752
1751
1750
1749
1748
1747
1746
1745
1744
1743
1742
1668
1638
1619
1580
1581
1620
1639
1669
1670
1640
1621
1582
1468
1467
1466
1465
1464
1463
1462
1461
1460
1459
1458
1457
1456
1455
1454
1453
1452
1451
1450
1449
1448
1447
1446
1445
1444
1443
1579
1442
1441
1302
1301
1300
1249
1213
1214
1250
1251
1215
1252
1019
1018
1017
1152
1151
1150
1016
1014
1013
1012
1149
1148
1147
1011
1010
1009
1008
1006
1145
1146
1182
1189
1211
1247
1212
1248
1299
1298
1392
1391
1297
1289
1246
1210
1188
1209
1245
1390
1422
1423
1424
1425
1426
1427
1428
1430
1431
1432
1433
1434
1435
1436
1437
1438
1439
1578
1440
1667
1741
1740
1799
1798
1701
1666
1637
1618
1613
1577
1617
1636
1665
1739
1738
1737
1736
1735
1734
1733
1732
1731
1730
1729
1728
1832
1984
1985
1833
1834
1836
1837
1838
1839
1840
1841
1842
1843
1844
1845
1846
1987
1986
2028
2045
2075
2027
2044
2074
2150
2149
2148
2147
2237
2236
2116
2073
2043
2026
2025
2042
2072
2109
2071
2144
2143
2115
2235
2234
2142
2141
2233
2232
2108
2070
2040
2024
2041
1831
1829
1828
1827
1983
1826
1825
1824
1980
1979
1797
1706
1700
1664
1635
1616
1575
1576
1421
1420
1572
1571
1570
1569
1568
1612
1567
1566
1661
1698
1727
1633
1662
1699
1795
1796
1978
1977
2022
2021
2107
2137
2114
2106
2140
2135
2104
2067
2105
2068
2019
1976
1975
1974
1973
1972
2018
2038
2065
2102
2103
2066
2139
2231
2448
2457
2469
2537
2497
2456
2468
2496
2536
2544
2661
2662
2663
2664
2665
2666
2667
2668
2669
2670
2671
2672
2645
2646
2647
2538
2498
2470
2458
2450
2395
2396
2397
2398
2399
2400
2401
2402
2403
2404
2405
2406
2407
2408
2259
2260
2261
2262
2263
2264
2265
2266
2267
2268
2269
2270
2271
2272
2414
2273
2274
2275
2276
2277
2278
2279
2280
2281
2282
2415
2283
2284
2285
2286
2287
2288
2289
2290
2291
2292
2242
2241
2240
2239
2238
2152
2151
2117
2110
2076
2046
2029
1988
1847
1848
1849
1850
1851
1852
1853
1854
1855
1856
1857
1858
1859
1860
1861
1862
1998
2023
2031
2053
2084
2111
2244
2243
2157
2156
2155
2123
2122
2121
2080
2049
2050
2081
2082
2051
1996
1995
1994
1993
1991
1990
1989
2030
2047
2078
2048
2079
2118
2119
2153
2154
2120
2300
2299
2298
2297
2417
2296
2295
2294
2416
2507
2460
2474
2506
2597
2596
2595
2594
2593
2592
2591
2590
2589
2588
2548
2459
2473
2505
2542
2652
2651
2587
2586
2585
2584
2583
2504
2502
2547
2582
2581
2580
2579
2578
2577
2576
2575
2574
2573
2650
2649
2541
2501
2472
2454
2453
2452
2451
2471
2499
2539
2500
2540
2571
2572
2648
2836
2837
2879
2880
2673
2841
2949
2977
2976
2948
2947
2916
2897
2878
2835
2877
2876
2834
2833
2832
2831
2830
2829
2828
2827
2826
2825
2824
2823
2822
2821
2820
2819
2873
2895
2913
2941
3061
3062
3063
3064
3065
3066
3067
3068
3069
3070
2942
2914
2896
2874
3071
3072
3073
3074
2943
2944
2915
2946
2975
3264
3308
3263
3262
3261
3260
3259
3258
3307
3324
3349
3384
3526
3527
3528
3385
3350
3386
3268
3093
3094
3095
3096
3312
3325
3351
3387
3269
3270
3097
3098
3099
3100
3101
3313
3326
3354
3388
3395
3536
3535
3534
3533
3430
3429
3428
3427
3426
3394
3353
3393
3532
3531
3530
3529
3425
3424
3423
3422
3421
3547
3708
3707
3706
3705
3704
3703
3701
3700
3699
3698
3697
3696
3695
3694
3693
3692
3691
3690
3689
3688
3687
3686
3685
3420
3519
3520
3521
3522
3523
3524
3525
3382
3348
3323
3306
3257
3256
3255
3254
3253
3252
3251
3250
3249
3248
3305
3381
3518
3517
3516
3514
3513
3512
3678
3679
3680
3681
3682
3683
3684
3748
3783
3812
3851
3953
3954
3955
3956
3957
3958
3852
3813
3784
3749
3959
3960
3961
3962
3963
3964
3965
3966
3967
3969
3970
3971
3972
3973
3974
3975
3864
3854
3853
3814
3785
3760
3709
3710
3711
3751
3762
3817
3787
3750
3761
3786
3815
3855
3865
3976
3977
3978
3979
3980
3981
3982
3983
3818
3788
3763
3752
3712
3548
3549
3550
3551
3552
3753
3764
3789
3819
3856
3714
3754
3765
3790
3821
3822
3791
3766
3755
3715
3553
3554
3555
3556
3557
3558
3559
3560
3436
3437
3438
3439
3440
3441
3442
3443
3359
3398
3444
3445
3446
3389
3309
3310
3279
3125
3124
3123
3122
3278
3121
3120
3119
3118
3117
3116
3115
3114
3113
3112
3111
3110
3109
3276
3314
3329
3358
3435
3434
3433
3397
3396
3432
3431
3356
3357
3328
3355
3327
3272
3102
3103
3104
3105
3106
3273
3274
3275
3108
3107
2988
2987
2986
2985
2984
2983
2982
2981
2980
2979
2978
2917
2898
2883
2843
2842
2674
2675
2676
2677
2678
2679
2680
2681
2682
2684
2685
2686
2687
2688
2689
2690
2691
2692
2693
2844
2884
2899
2918
2919
2845
2695
2696
2697
2698
2699
2700
2701
2702
2703
2846
2885
2900
2920
2989
2990
2991
2992
2993
2994
2995
2996
2997
2998
2999
3000
3001
3002
2922
2713
2714
2715
2716
2717
2848
2849
2886
2901
2924
2950
2923
2958
3003
3004
3075
3076
3077
3078
2959
2951
2960
2952
2926
2902
2887
2881
2850
2718
2852
2888
2903
2927
2953
2928
2904
2889
2882
2853
2719
2720
2721
2854
2722
2723
2724
2725
2726
2727
2728
2856
2890
2905
2929
2954
2963
3086
3085
3084
3083
3010
3009
3008
3007
3006
3005
3082
3081
3080
3079
3133
3132
3131
3282
3129
3128
3127
3126
3280
3281
3330
3360
3390
3400
3401
3391
3361
3331
3315
3283
3135
3136
3137
3138
3139
3141
3142
3284
3285
3143
3145
3146
3147
3148
3149
3150
3151
3152
3153
3286
3287
3364
3333
3365
3367
3335
3336
3368
3369
3337
3291
3290
3289
3288
3154
3156
3157
3158
3159
3160
3161
3162
3163
3164
3165
3166
3167
3169
3170
3171
3172
3173
3174
3175
3176
3178
3179
3180
3181
3183
3293
3184
3185
3294
3295
3187
3188
3189
3191
3192
3193
3296
3297
3194
3195
3265
3196
3197
3088
3040
3039
3087
3038
3037
3036
3035
3034
3033
3032
3031
3030
3029
3028
3026
3025
3024
3023
3021
3020
3019
2934
2935
2909
2892
2864
2760
2759
2757
2756
2755
2754
2753
2752
2863
2750
2749
2748
2747
2746
2745
2862
2891
2908
2933
3018
3017
3016
3015
3014
3013
2967
2932
2861
2740
2741
2742
2743
2627
2628
2629
2528
2491
2464
2440
2465
2492
2529
2543
2630
2631
2653
2654
2566
2441
2363
2362
2361
2360
2359
2358
2357
2356
2355
2354
2353
2352
2351
2350
2349
2438
2439
2463
2490
2527
2526
2626
2625
2624
2739
2738
2737
2736
2735
2734
2860
2859
2907
2931
2966
3012
3011
2965
2964
2930
2906
2857
2858
2729
2730
2731
2732
2733
2617
2618
2619
2620
2564
2565
2621
2622
2623
2524
2488
2523
2487
2435
2436
2525
2489
2462
2437
2348
2347
2346
2345
2344
2343
2342
2341
2340
2339
2338
2337
2335
2334
2333
2332
2434
2433
2331
2330
2432
2329
2328
2431
2430
2428
2480
2479
2515
2516
2481
2517
2518
2482
2483
2519
2520
2484
2486
2522
2563
2562
2561
2560
2559
2557
2556
2555
2554
2616
2615
2614
2613
2514
2478
2513
2552
2612
2611
2610
2609
2608
2551
2550
2511
2476
2510
2607
2606
2605
2604
2603
2602
2712
2711
2710
2709
2708
2707
2706
2705
2704
2598
2599
2600
2601
2549
2508
2509
2475
2461
2418
2419
2301
2303
2304
2305
2306
2307
2308
2309
2310
2311
2312
2420
2421
2313
2314
2315
2316
2317
2318
2422
2424
2320
2321
2322
2323
2324
2325
2425
2426
2427
2326
2327
2170
2171
2172
2173
2174
2175
2176
2087
2177
2178
2179
2180
2182
2183
2184
2185
2186
2187
2188
2189
2190
2191
2192
2193
2194
2195
2196
2197
2198
2199
2200
2201
2088
2055
2033
2112
2127
2202
2203
2204
2205
2245
2364
2365
2366
2530
2635
2634
2655
2633
2632
2761
2762
2763
2764
2765
2766
2767
2768
2769
2770
2772
2773
2774
2775
2838
2776
2777
2778
2779
2780
2656
2636
2657
2658
2638
2639
2659
2376
2375
2374
2373
2214
2215
2216
2217
2093
2058
2035
2009
2060
2095
2218
2219
2220
2221
2130
2131
2132
2222
2223
2224
2225
2097
2133
2226
2098
2250
2251
2252
2253
2255
2257
2383
2410
2411
2446
2455
2382
2381
2380
2445
2444
2379
2378
2377
2443
2442
2466
2531
2532
2493
2494
2533
2567
2568
2569
2570
2640
2641
2642
2807
2866
2806
2805
2804
2803
2801
2800
2799
2798
2797
2840
2795
2794
2793
2792
2790
2789
2788
2787
2786
2839
2785
2784
2783
2782
3041
3042
3043
3089
3044
3045
3090
3046
3047
3048
3091
3050
3051
3092
3053
3054
3055
3056
2937
2911
2867
2868
2869
2870
2871
2939
2973
2972
2971
2970
2938
2955
2969
2968
3301
3302
3303
3321
3346
3320
3345
3319
3392
3503
3504
3505
3417
3418
3419
3745
3744
3847
3846
3810
3781
3759
3743
3845
3809
3780
3758
3742
3757
3779
3808
3844
3862
3945
3946
3947
3949
4008
4009
4010
4011
4012
4013
4014
4015
4016
4017
4187
4186
4185
4183
4182
4241
4327
4311
4299
4277
4261
4181
4180
4179
4178
4177
4176
4175
4326
4310
4298
4276
4260
4240
4173
4172
4171
4169
4168
4167
4166
4165
4239
4163
4162
4161
4160
4159
4158
4157
4156
4155
4154
4153
4152
4151
4150
4148
4147
4146
4145
4144
4143
4141
4140
4139
4138
4137
4136
4135
4133
4132
4131
4130
4129
4128
4127
4237
4236
4125
4235
4234
4124
4123
4122
4121
4120
4119
4117
4116
4115
4114
4233
4113
4112
4110
4109
4108
4107
4106
4105
4257
4273
4292
4307
4387
4385
4384
4383
4469
4382
4381
4566
4567
4568
4569
4570
4571
4572
4573
4682
4731
4765
4807
4840
4854
4977
4976
4975
4974
4921
4920
4919
4918
4917
4916
4915
4914
4806
4764
4730
4681
4564
4563
4562
4561
4560
4558
4680
4557
4556
4555
4553
4552
4551
4678
4679
4763
4805
4762
4804
4851
4852
4903
4905
4906
4907
4839
4853
4908
4910
4911
4912
5037
5036
5035
5034
5147
5148
5149
5150
5151
5152
5038
5153
5154
5155
5039
5040
5041
5042
5043
5044
5045
5046
5047
5048
5049
5050
5051
5052
5158
5159
5187
5205
5244
5286
5309
5336
5335
5285
5243
5156
5204
5242
5284
5372
5373
5374
5375
5376
5377
5378
5448
5449
5450
5451
5452
5453
5454
5455
5337
5338
5379
5380
5381
5250
5290
5339
5382
5383
5384
5531
5530
5529
5597
5598
5599
5667
5717
5716
5666
5665
5715
5714
5774
5775
5776
5788
5739
5718
5668
5625
5626
5669
5719
5740
5777
5817
5818
5819
5820
5778
5720
5670
5627
5671
5721
5741
5779
5821
5822
5780
5797
5823
5824
5825
5826
5742
5722
5672
5628
5614
5603
5602
5601
5600
5534
5533
5458
5459
5341
5312
5311
5293
5253
5252
5292
5291
5251
5212
5062
5063
5064
5065
5066
5167
5165
5213
5214
5168
5169
5067
5068
5069
5070
5071
5072
5073
5074
5075
5076
5077
5078
4938
4939
4940
4941
4942
4943
4821
4777
4740
4696
4739
4776
4820
4844
4861
4988
4987
4937
4936
4986
4985
4860
4843
4818
4775
4738
4737
4774
4817
4935
4934
4933
4932
4931
4930
4842
4816
4773
4736
4714
4592
4591
4590
4588
4587
4586
4585
4584
4583
4581
4580
4690
4772
4815
4859
4922
4923
4924
4926
4927
4928
4983
4984
5061
5060
5059
5058
5164
5057
5056
5055
5054
5053
5163
5162
5211
5249
5210
5248
5209
5289
5246
5207
5189
5161
5287
5245
5206
5188
5160
4856
4857
4858
4978
4979
4980
4981
4982
4814
4813
4771
4735
4713
4688
4712
4734
4770
4812
4841
4769
4811
4855
4810
4768
4809
4767
4733
4683
4575
4576
4577
4684
4685
4686
4687
4578
4471
4470
4321
4388
4389
4390
4392
4393
4394
4293
4274
4258
4294
4322
4395
4295
4308
4323
4324
4396
4397
4398
4399
4400
4402
4403
4404
4405
4406
4408
4409
4410
4593
4691
4595
4596
4597
4598
4599
4600
4601
4602
4603
4604
4605
4692
4693
4606
4607
4608
4609
4694
4610
4611
4612
4613
4614
4615
4616
4617
4618
4619
4620
4621
4622
4623
4624
4697
4741
4778
4822
4845
4823
4779
4742
4715
4698
4716
4743
4780
4824
4699
4717
4744
4781
4825
4826
4998
4997
4996
4995
4994
4993
4992
4991
4990
4989
4946
4945
4944
5084
5085
5086
5087
5088
5090
5091
5092
5093
5094
5095
5172
5216
5255
5296
5313
5295
5171
5083
5082
5080
5079
5081
5170
5215
5254
5294
5396
5395
5394
5393
5392
5391
5390
5389
5388
5387
5386
5385
5342
5535
5536
5537
5538
5539
5604
5615
5629
5673
5723
5724
5674
5540
5397
5398
5399
5400
5462
5463
5343
5402
5403
5404
5405
5464
5465
5541
5675
5725
5912
6060
6111
6308
6391
6307
6306
6305
6304
6303
6302
6301
6300
6299
6298
6297
6296
6295
6155
6175
6176
6177
6178
6180
6181
6108
6057
6016
5981
6017
6058
6109
6110
6059
5982
5910
5909
5908
5907
5906
5905
5904
5903
5901
5900
5899
5898
5980
5979
5897
5896
5895
5894
5893
5892
5975
5976
5977
5978
6054
6015
6053
6052
6103
6104
6105
6106
6055
6056
6107
6154
6153
6152
6151
6150
6216
6215
6123
6102
6051
6014
5974
5973
5890
5889
5888
5887
5972
5971
6013
6050
6101
6213
6214
6285
6286
6378
6377
6376
6284
6283
6282
6375
6374
6281
6280
6373
6372
6371
6430
6472
6431
6473
6432
6474
6522
6523
6475
6433
6434
6476
6524
6525
6477
6526
6478
6435
6479
6527
6551
6568
6567
6566
6646
6645
6565
6550
6564
6563
6562
6549
6521
6471
6429
6405
6370
6428
6470
6520
6548
6519
6469
6404
6369
6368
6278
6276
6173
6145
6206
6205
6203
6202
6201
6200
6144
6118
6093
6042
6143
6090
6039
6005
5958
5868
5869
5870
5871
5873
5874
5961
5960
5959
6040
6091
6092
6041
6006
6007
5962
5876
5963
5877
5964
6008
6043
6094
6119
6146
6207
6208
6209
6210
6095
6044
6009
5879
5880
5965
6045
6096
6147
6097
6046
6010
5967
5966
5881
5882
5883
5884
5885
5968
5993
6011
6048
6099
6047
6098
6120
6148
6211
6212
6121
6149
6122
6100
6049
6012
5994
5969
5970
5886
5787
5773
5713
5664
5527
5596
5595
5594
5526
5525
5524
5593
5661
5710
5711
5662
5663
5712
5738
5772
5771
5770
5769
5768
5709
5660
5591
5592
5523
5590
5589
5522
5521
5520
5519
5518
5517
5516
5515
5514
5588
5623
5658
5706
5737
5767
5707
5659
5624
5708
5795
5794
5793
5792
5791
5815
5814
5813
5812
5790
5789
5766
5736
5587
5513
5512
5334
5282
5241
5281
5333
5332
5331
5330
5329
5328
5327
5326
5278
5279
5280
5240
5239
5238
5237
5277
5371
5370
5369
5368
5367
5308
5325
5276
5146
5033
5032
5031
5030
5145
5029
5028
5027
5026
4850
4899
4900
4901
4902
4803
4761
4729
4677
4550
4548
4547
4546
4545
4544
4543
4542
4676
4728
4760
4802
4801
4759
4758
4800
4799
4757
4726
4727
4673
4674
4675
4541
4539
4538
4537
4536
4535
4534
4532
4531
4530
4529
4672
4725
4756
4798
4897
4896
4894
4893
4892
4891
4890
5016
5140
5186
5201
5234
5273
5307
5274
5235
5202
5142
5141
5017
5018
5019
5020
5021
5022
5023
5024
5025
5143
5203
5236
5275
5362
5363
5364
5365
5366
5505
5504
5577
5503
5502
5501
5576
5575
5648
5695
5755
5756
5757
5758
5759
5733
5698
5651
5650
5697
5696
5649
5578
5579
5580
5506
5507
5508
5581
5582
5583
5509
5584
5585
5586
5510
5511
5657
5705
5656
5704
5765
5764
5811
5810
5809
5808
5807
5806
5763
5735
5703
5655
5622
5621
5654
5702
5734
5701
5762
5761
5700
5653
5652
5699
5760
5786
5957
5867
6038
6089
6199
6198
6197
6196
6142
6117
6088
6037
6087
6036
6003
6004
5956
5865
5864
5863
5861
5955
5954
5953
5860
5952
5951
6035
6084
6085
6116
6086
6141
6140
6139
6138
6137
6083
6082
6081
6034
6002
5992
5950
5805
5804
5803
5802
5801
5800
5855
5857
5858
5859
5948
5947
5946
6000
6030
6077
6031
6078
6079
6032
5991
5949
6001
6033
6080
6115
6135
6136
6190
6191
6192
6193
6194
6355
6398
6417
6455
6504
6503
6454
6416
6397
6354
6396
6415
6453
6502
6544
6501
6452
6414
6353
6254
6253
6252
6250
6352
6351
6413
6451
6500
6556
6543
6499
6450
6412
6350
6249
6247
6246
6245
6349
6411
6449
6498
6497
6448
6410
6348
6244
6243
6242
6241
6240
6239
6238
6237
6236
6337
6235
6234
6233
6232
6347
6346
6409
6447
6496
6555
6542
6495
6446
6408
6345
6230
6229
6227
6226
6225
6224
6223
6222
6336
6395
6335
6334
6333
6332
6331
6606
6605
6656
6604
6603
6602
6655
6601
6600
6654
6599
6598
6597
6653
6596
6595
6652
6593
6592
6591
6624
6589
6588
6612
6582
6540
6394
6228
6231
6338
6248
6251
6255
6258
6262
6277
6279
6288
6294
6339
6309
6310
6313
6314
6315
6316
6317
6318
6319
6340
6320
6321
6322
6323
6324
6325
6326
6327
6328
6341
6329
6330
6189
6220
6188
6219
6187
6186
6185
6218
6184
6183
6217
6182
6179
6174
6204
6172
6171
6195
6170
6130
6157
6063
6019
5995
5990
5996
5938
5984
5831
5837
5842
5852
5856
5930
5862
5866
5872
5875
5878
5891
5902
5911
5913
5931
5914
5915
5916
5917
5918
5919
5920
5921
5922
5932
5923
5924
5925
5926
5927
6061
5985
6062
6112
6158
6159
6113
6126
6160
6064
6161
6127
6166
6128
6129
6162
6066
6020
6065
6018
5935
5936
5835
5834
5833
5832
5934
5989
5988
5987
5986
5929
5928
5782
5783
5729
5633
5677
5632
5676
5728
5630
5631
5606
5607
5551
5552
5479
5557
5558
5480
5559
5611
5731
5681
5635
5634
5680
5743
5744
5745
5682
5481
5482
5483
5484
5485
5636
5683
5784
5836
6021
6067
6163
6167
6168
6131
6068
6022
5937
5838
5839
5840
5841
5843
5844
5845
5939
5997
6023
6069
6024
6070
6164
6132
6071
6025
6072
6073
6026
5998
6027
6074
6133
6134
6169
6165
6076
6029
6075
6028
5999
5945
5854
5853
5851
5850
5944
5943
5942
5849
5848
5847
5941
5940
5846
5749
5750
5689
5642
5618
5641
5688
5785
5687
5640
5686
5748
5747
5746
5684
5637
5685
5638
5639
5617
5563
5562
5561
5560
5486
5487
5488
5489
5490
5491
5492
5564
5565
5493
5494
5566
5567
5495
5496
5497
5498
5568
5569
5644
5691
5643
5690
5751
5752
5753
5754
5732
5692
5645
5619
5612
5572
5571
5570
5499
5573
5613
5620
5646
5693
5694
5647
5574
5500
5361
5360
5323
5443
5442
5441
5440
5305
5271
5232
5199
5185
5198
5270
5269
5138
5139
5015
5014
5137
5135
5184
5196
5231
5267
5268
5322
5359
5439
5438
5437
5436
5435
5304
5266
5230
5195
5183
5134
5133
5265
5320
5319
5318
5264
5228
5263
5227
5194
5226
5262
5261
5225
5193
5182
5128
5009
5010
5129
5130
5131
5132
5013
5012
5011
4969
4970
4971
4972
4973
4794
4793
4752
4721
4711
4666
4505
4506
4507
4668
4722
4753
4795
4881
4882
4883
4884
4885
4886
4887
4796
4754
4723
4838
4849
4797
4755
4724
4671
4528
4527
4526
4525
4523
4522
4521
4670
4669
4520
4518
4517
4516
4515
4514
4513
4512
4511
4510
4509
4508
4349
4350
4351
4314
4315
4316
4317
4284
4252
4268
4251
4267
4250
4221
4222
4223
4224
4055
4056
4225
4253
4269
4285
4353
4354
4355
4356
4357
4358
4286
4270
4254
4255
4271
4287
4288
4289
4318
4360
4361
4362
4363
4364
4365
4366
4368
4369
4370
4305
4319
4372
4373
4374
4375
4376
4377
4379
4380
4467
4468
4320
4291
4306
4290
4272
4256
4231
4232
4103
4102
4101
4100
4099
4098
4097
4095
4094
4093
4092
4091
4090
4089
4088
4230
4086
4085
4084
4082
4081
4080
4079
4078
4077
4075
4074
4073
4072
4071
4229
4228
4227
4226
4070
4069
4068
4067
4065
4064
4063
4062
4061
4060
4059
4058
3895
3894
3893
3892
3891
3890
3889
3888
4053
4052
4051
4050
4049
4048
4220
4249
4266
4283
4282
4347
4345
4344
4343
4342
4341
4340
4339
4338
4337
4336
4335
4334
4333
4332
4331
4466
4264
4280
4304
4464
4463
4462
4461
4303
4263
4279
4302
4460
4459
4458
4457
4456
4455
4454
4330
4313
4453
4452
4451
4450
4449
4448
4329
4301
4447
4446
4445
4444
4443
4483
4625
4628
4629
4630
4631
4632
4633
4634
4635
4702
4701
4700
4782
4827
4828
4783
4745
4784
4830
4864
4863
4950
4949
4948
4947
4862
4929
4925
4808
4766
4732
4819
4695
4594
4589
4582
4579
4689
4574
4565
4559
4554
4549
4540
4533
4367
4371
4378
4386
4391
4401
4407
4411
4428
4432
4482
4328
4312
4300
4278
4262
4242
4190
4189
4188
4184
4174
4170
4164
4149
4142
4134
4126
4118
4111
4104
4096
4087
4083
4076
4066
4057
4054
4047
4045
4038
3816
3820
3713
3716
3795
3826
3797
3828
3870
3871
3917
3920
3923
3927
3930
3935
3944
3948
3950
3951
3952
3863
3848
3811
3782
3675
3676
3677
3746
3849
3880
4019
4018
4191
4192
4193
4194
4243
4195
4196
4197
4198
4199
4200
4201
4202
4244
4203
4204
4205
4206
4207
4208
4209
4210
4211
4212
4245
4246
4213
4214
4215
4216
4217
4218
4247
4021
4022
4023
4024
4025
4026
4027
4028
4029
4030
4031
4032
4219
4248
4265
4281
4046
4044
4043
4042
4041
4040
4039
4037
4036
4035
4034
4033
3984
3985
3986
3987
3988
3989
3990
3991
3992
3993
3994
3995
3882
3883
3884
3885
3886
3887
3823
3792
3767
3717
3561
3562
3563
3564
3565
3566
3567
3568
3569
3570
3571
3572
3573
3574
3575
3576
3537
3538
3399
3447
3448
3449
3450
3539
3540
3541
3542
3452
3453
3454
3456
3457
3362
3332
3363
3402
3459
3460
3461
3462
3463
3464
3465
3403
3404
3405
3406
3407
3408
3466
3467
3468
3469
3470
3471
3472
3473
3474
3475
3476
3477
3478
3479
3480
3370
3371
3409
3372
3338
3339
3373
3410
3411
3483
3484
3374
3340
3375
3412
3413
3486
3543
3487
3488
3544
3198
3200
3201
3202
3203
3204
3205
3266
3206
3207
3208
3209
3210
3211
3212
3214
3215
3216
3217
3218
3219
3221
3222
3223
3224
3225
3226
3227
3228
3229
3300
3299
3318
3344
3379
3343
3378
3416
3502
3501
3499
3415
3342
3311
3317
3377
3498
3497
3495
3494
3546
3493
3492
3545
3491
3490
3489
3650
3652
3653
3739
3654
3655
3656
3657
3658
3659
3660
3661
3740
3663
3664
3666
3667
3668
3669
3670
3672
3741
3778
3807
3843
3842
3879
3861
3943
3942
3941
3940
3939
3938
3937
3878
4007
4006
3936
3934
3933
3877
3859
3840
3805
3776
3860
3841
3806
3777
3738
3649
3648
3647
3646
3645
3643
3642
3641
3640
3639
3638
3737
3736
3735
3636
3635
3634
3734
3733
3775
3803
3837
3858
3836
3632
3631
3630
3629
3627
3626
3625
3624
3623
3622
3620
3619
3618
3617
3616
3615
3613
3612
3611
3610
3609
3608
3730
3729
3606
3605
3604
3603
3602
3601
3600
3599
3598
3597
3596
3595
3594
3592
3591
3590
3589
3588
3587
3586
3585
3584
3723
3722
3582
3581
3580
3579
3578
3720
3577
3719
3769
3756
3718
3768
3793
3824
3866
3867
3896
3897
3898
3899
3868
3825
3794
3857
3869
3900
3901
3902
3903
3827
3796
3770
3725
3904
3905
3906
3907
3908
3829
3798
3771
3830
3799
3772
3726
3728
3800
3832
3831
3909
3910
3911
3912
3872
3913
3914
3915
3916
3918
3919
3833
3801
3773
3731
3732
3774
3802
3834
3835
3996
3921
3922
3924
3997
3998
3873
3999
4000
4001
4002
3874
4003
3925
3926
3838
3804
3839
3875
3876
3928
3929
3931
3932
4004
4005
4238
4259
4275
4296
4309
4325
4472
4473
4412
4413
4414
4415
4416
4417
4418
4419
4420
4421
4422
4297
4423
4424
4425
4426
4427
4429
4430
4431
4474
4475
4476
4477
4433
4434
4435
4436
4437
4438
4478
4479
4480
4481
4439
4440
4441
4442
4626
4627
5175
5174
5100
5099
5098
5097
5173
5217
5256
5297
5314
5344
5466
5467
5406
5407
5408
5298
5345
5346
5475
5477
5543
5542
5726
5983
6124
6156
6312
6311
6393
6392
6441
6491
6442
6492
6443
6539
6578
6577
6725
6792
6793
6794
6795
6796
6888
6889
6935
6934
6933
6932
6931
6906
6887
6851
6886
6824
6576
6538
6490
6489
6537
6536
6488
6440
6390
6389
6388
6387
6386
6385
6384
6383
6484
6532
6571
6572
6573
6533
6485
6439
6486
6534
6487
6535
6574
6575
6594
6651
6724
6723
6722
6721
6758
6720
6719
6718
6716
6715
6650
6649
6570
6529
6481
6437
6482
6530
6552
6531
6483
6438
6406
6381
6382
6293
6292
6291
6290
6289
6287
6380
6379
6436
6480
6528
6569
6648
6647
6712
6711
6791
6790
6710
6709
6789
6708
6706
6705
6704
6786
6787
6788
6810
6821
6848
6882
6904
6881
6847
6846
6880
6927
6928
6929
6976
6977
6949
6978
6979
6930
6905
6883
6849
6822
6823
6850
6884
6885
6980
6951
6982
6983
6952
6953
6984
7085
7084
7083
7082
7081
7080
7131
7079
7078
7077
7076
7074
7073
7072
7071
7070
7130
7069
7068
7066
7065
7064
7063
7062
7061
7129
7060
7059
7160
7159
7158
7157
7058
7057
7056
7156
7055
7054
7053
7052
7155
7154
7192
7218
7246
7245
7217
7191
7181
7153
7152
6975
6925
6926
6879
6845
6878
6924
6973
6923
6903
6877
6902
6922
6876
6844
6820
6780
6779
6778
6777
6698
6699
6700
6701
6781
6782
6783
6784
6785
6702
6644
6643
6642
6641
6640
6561
6639
6638
6560
6637
6590
6517
6467
6547
6518
6468
6427
6403
6367
6275
6274
6273
6272
6271
6270
6366
6365
6269
6364
6402
6424
6464
6514
6546
6515
6465
6425
6426
6466
6516
6559
6636
6635
6634
6633
6632
6513
6463
6423
6401
6363
6362
6268
6267
6266
6265
6264
6263
6261
6260
6358
6359
6360
6361
6421
6461
6511
6510
6460
6420
6459
6509
6508
6458
6419
6259
6257
6256
6357
6356
6399
6418
6456
6505
6506
6457
6507
6557
6623
6622
6621
6620
6619
6618
6617
6616
6615
6614
6613
6670
6671
6756
6672
6673
6674
6675
6676
6677
6678
6763
6764
6765
6680
6681
6682
6683
6684
6685
6686
6687
6688
6689
6690
6770
6771
6691
6558
6400
6422
6462
6512
6545
6625
6626
6627
6628
6629
6630
6631
6697
6776
6775
6696
6695
6774
6773
6693
6772
6818
6840
6871
6901
6917
6872
6873
6841
6819
6842
6874
6843
6875
6921
6920
6919
6918
6972
6971
6970
6969
6968
6967
6946
6916
6870
6869
6839
6817
6769
6768
6767
6766
6809
6813
6835
6866
6867
6836
6814
6837
6815
6816
6838
6868
6915
6914
6913
6912
6900
6865
6944
6943
6966
6942
6941
6965
6940
6812
6864
7020
7019
7018
7017
7016
7015
7014
7013
7012
7126
7010
7009
7008
7007
7006
7005
7004
7003
7002
7125
7000
6999
6998
6997
6961
6937
6962
6963
6938
6939
6964
6669
6667
6666
6665
6587
6586
6611
6585
6584
6610
6583
6664
6755
6663
6662
6660
6659
6581
6580
6554
6494
6445
6344
6343
6407
6444
6493
6541
6579
6609
6608
6607
6657
6748
6749
6750
6751
6752
6753
6754
6807
6806
6805
6804
6747
6746
6803
6802
6745
6744
6743
6801
6828
6855
6894
6829
6856
6895
6896
6857
6830
6831
6858
6897
6898
6859
6832
6833
6860
6899
6861
6995
6994
6993
6992
6991
7124
6990
6989
7123
7122
7178
7204
7233
7265
7176
7177
7121
7120
7119
7118
7117
7116
7175
7201
7230
7262
7263
7231
7202
7203
7232
7264
7505
7506
7558
7369
7370
7507
7371
7372
7373
7374
7375
7514
7515
7579
7609
7677
7717
7678
7679
7649
7650
7680
7718
7681
7682
7719
7683
7684
7685
7720
7686
7687
7721
7688
7689
7651
7652
7611
7610
7580
7516
7517
7401
7402
7403
7310
7309
7341
7308
7307
7340
7305
7400
7399
7398
7397
7395
7394
7393
7392
7391
7509
7390
7389
7388
7387
7386
7385
7384
7383
7382
7508
7381
7380
7379
7378
7377
7376
7334
7290
7291
7292
7335
7293
7294
7295
7336
7296
7297
7337
7298
7299
7300
7338
7301
7302
7339
7303
7304
7127
7022
7023
7024
7025
7026
7028
7029
7184
7207
7236
7237
7135
7030
7031
7032
7033
7034
7136
7137
7138
7035
7036
7139
7209
7239
7208
7238
7271
7272
7273
7274
7275
7276
7240
7212
7187
7211
7186
7210
7185
7140
7141
7038
7142
7266
7277
7241
7213
7188
7143
7040
7041
7042
7043
7144
7145
7044
7045
7046
7146
7147
7189
7214
7242
7267
7278
7343
7344
7345
7346
7347
7348
7349
7350
7351
7352
7354
7280
7279
7148
7149
7048
7050
7151
7150
7215
7243
7180
7190
7216
7244
7268
7281
7282
7283
7355
7356
7357
7358
7359
7431
7430
7429
7428
7533
7535
7626
7591
7625
7590
7567
7532
7427
7426
7425
7531
7530
7424
7423
7422
7529
7528
7527
7421
7420
7419
7526
7525
7524
7587
7621
7622
7588
7566
7589
7623
7648
7624
7661
7660
7659
7658
7657
7727
7726
7800
7801
7802
7803
7804
7805
7806
7807
7809
7810
7811
7812
7813
7814
8084
7972
8083
7971
8081
7969
8080
8173
8160
8159
8158
8124
8157
8156
8078
8018
7910
7798
7797
7796
7795
7909
7794
7793
7792
7791
7908
7949
7967
8015
8075
8076
8016
7968
8017
8077
8123
8122
8225
8319
8224
8223
8221
8220
8219
8583
8604
8605
8584
8585
8606
8586
8607
8513
8456
8408
8343
8226
8227
8229
8230
8345
8409
8457
8514
8515
8458
8410
8346
8231
8232
8233
8234
8347
8411
8459
8517
8518
8460
8412
8348
8235
8236
8237
8349
8350
8351
8238
8239
8240
8353
8413
8463
8521
8520
8462
8461
8519
8563
8564
8565
8522
8464
8414
8354
8241
8242
8243
8244
8355
8415
8465
8523
8524
8466
8416
8356
8245
8246
8247
8248
8249
8250
8251
8252
8358
8357
8417
8467
8525
8468
8526
8566
8587
8588
8710
8817
8818
8819
8712
8711
8713
8714
8715
8716
8820
8821
8717
8718
8720
8721
8722
8823
8822
8874
8916
8969
8970
8824
8723
8724
8784
8725
8726
8728
8729
8730
8731
8732
8568
8569
8570
8571
8572
8573
8593
8595
8539
8479
8540
8480
8425
8373
8374
8426
8481
8541
8542
8482
8427
8375
8376
8291
8290
8289
8288
8287
8285
8284
8283
8282
8280
8279
8278
8277
8276
8275
8274
8273
8272
8367
8368
8369
8370
8371
8372
8478
8538
8477
8537
8536
8476
8424
8390
8423
8475
8535
8534
8592
8609
8591
8590
8608
8589
8532
8365
8264
8265
8320
8266
8267
8268
8269
8270
8271
8169
8168
8095
8033
7980
7928
7929
7981
8034
8096
7982
8035
8097
8098
8036
7930
7853
7852
7851
7850
7848
7847
7846
7845
7844
7843
7926
7842
7925
7841
7839
7838
7924
7979
8032
7837
7836
7835
7834
7833
7832
7923
7977
8030
8092
8094
8167
8166
8260
8261
8262
8364
8422
8473
8531
8421
8472
8530
8529
8471
8420
8361
8419
8470
8528
8527
8469
8418
8359
8253
8254
8255
8256
8257
8258
8362
8363
8259
8165
8164
8134
8133
8132
8027
8091
8131
8174
8163
8130
8129
8128
8162
8161
8127
8126
8085
8021
8086
8022
7912
7914
8023
8087
8088
8024
8090
8026
7915
7916
7917
7950
7974
8028
7975
8029
7976
7921
7830
7829
7920
7919
7918
7828
7827
7826
7825
7824
7823
7821
7820
7819
7818
7817
7815
7662
7663
7627
7592
7568
7537
7536
7432
7433
7434
7435
7538
7628
7694
7728
7674
7664
7630
7594
7631
7595
7539
7443
7442
7441
7440
7439
7438
7436
7313
7247
7248
7219
7249
7284
7285
7250
7286
7314
7360
7315
7316
7361
7317
7251
7319
7362
7320
7321
7363
7323
7324
7325
7364
7326
7327
7365
7328
7220
7221
7252
7287
7288
7253
7222
7193
7164
7163
7162
7161
7086
7088
7089
7090
7091
7092
7094
7165
7166
7269
7289
7478
7545
7477
7476
7544
7543
7542
7474
7473
7472
7470
7469
7468
7467
7512
7466
7465
7464
7463
7461
7460
7459
7458
7457
7511
7456
7455
7454
7453
7451
7450
7449
7448
7447
7510
7445
7444
7695
7729
7696
7697
7730
7698
7699
7700
7731
7701
7702
7732
7703
7704
7705
7733
7706
7707
7734
7709
7710
7633
7597
7634
7665
7666
7667
7735
7859
7858
7933
7932
8039
7983
7856
7855
7854
7931
8038
8100
8135
8170
8171
8136
8137
7984
8040
7985
8101
8292
8377
8543
8574
8596
8752
8751
8830
8829
8750
8749
8748
8746
8828
8827
8745
8744
8742
8741
8740
8739
8738
8737
8736
8735
8734
8733
8825
8826
8917
8971
8918
8972
9000
8999
9040
9039
9038
9037
9060
9036
9034
9059
9033
9111
9112
9113
9142
9114
9115
9116
9117
9167
9154
9061
9062
9063
9064
8973
8974
8919
8875
8876
8920
8975
8991
8976
9001
9123
9122
9121
9120
9119
9118
9150
9149
9155
9158
9168
9197
9220
9350
9349
9347
9346
9345
9344
9343
9342
9388
9341
9340
9339
9338
9337
9336
9219
9196
9195
9335
9334
9386
9332
9331
9218
9330
9329
9327
9326
9325
9324
9323
9385
9322
9321
9216
9194
9217
9110
9109
8968
8915
8873
8967
8914
8872
8871
8913
8966
8965
8912
8870
8869
8911
8964
8998
8990
8910
8963
8997
9030
9031
9106
9146
9147
9148
9166
9174
9172
9165
9164
9157
9153
9163
9173
9311
9312
9384
9313
9314
9316
9317
9318
9319
9320
9408
9397
9310
9309
9307
9306
9305
9304
9303
9383
9301
9302
9300
9299
9214
9192
9191
9298
9297
9296
9295
9294
9382
9293
9292
9213
9212
9291
9290
9289
9288
9287
9285
9284
9381
9283
9282
9281
9279
9278
9277
9276
9274
9273
9380
9272
9271
9396
9395
9270
9269
9394
9393
9402
9407
9413
9418
9444
9509
9445
9447
9510
9448
9449
9450
9512
9451
9452
9513
9453
9454
9455
9514
9456
9457
9515
9458
9459
9460
9516
9461
9462
9517
9464
9465
9466
9518
9467
9469
9519
9470
9471
9472
9520
9473
9474
9521
9476
9477
9478
9522
9479
9480
9523
9481
9409
9482
9524
9483
9484
9525
9485
9405
9410
9648
9822
9951
9995
10006
10088
10087
10124
10086
10147
10146
10145
10144
10143
10142
10141
10140
10139
10138
10137
10135
10134
10133
10132
10101
10025
10026
10027
10102
10028
10029
10031
10103
10032
10033
10104
10034
10035
10036
10105
10037
10038
10106
10039
10040
10014
10001
9999
10010
10015
10016
10002
10003
10017
10018
10041
10042
10044
10045
10046
10108
10047
10048
10109
10049
10004
10051
10110
10052
10053
10112
10054
10055
10056
10113
10057
10058
10114
10059
10060
10061
10115
10062
10063
10116
10064
10065
10005
10067
10117
10068
10069
10118
10070
10071
10073
10119
10074
10075
10120
10076
10077
10078
10121
10079
10081
10122
10082
10083
10084
10123
10085
9950
9949
9948
9947
9946
9945
9982
9944
9943
9942
9940
9939
9938
9937
9935
9934
9981
9933
9932
9931
9930
9929
9928
9927
9926
9925
9980
9924
9923
9921
9920
9919
9918
9917
9916
9915
9979
9914
9913
9994
9993
9911
9910
9909
9908
9907
9906
9905
9978
9904
9903
9902
9901
9900
9899
9898
9897
9896
9977
9895
9894
9892
9891
9890
9889
9887
9886
9885
9976
9884
9883
9881
9880
9879
9878
9877
9876
9975
9875
9874
9873
9872
9870
9869
9992
9991
9990
9989
9988
9867
9866
9865
9864
9863
9862
9861
9860
9973
9859
9858
9857
9856
9855
9854
9853
9851
9850
9972
9849
9848
9846
9845
9844
9843
9842
9841
9840
9971
9839
9838
9837
9836
9835
9834
9833
9832
9831
9970
9830
9829
9987
9986
9997
9969
10009
10000
10020
10099
10021
10022
10100
10023
10024
10131
10130
10129
10150
10149
10148
10125
10089
10090
10126
10091
10092
10093
10127
10094
10095
10128
10096
10097
10098
10007
9968
9967
9966
9965
9964
9963
9962
9961
9984
9960
9959
9958
9957
9956
9955
9954
9953
9952
9983
9941
9936
9922
9912
9893
9888
9882
9871
9868
9974
9852
9847
9985
9996
10008
10030
10107
10043
10050
10111
10066
10072
10080
10136
10013
10019
10011
10012
9998
9828
9714
9711
9713
9715
9727
9803
9742
9747
9808
9761
9765
9773
9821
9781
9782
9823
9783
9784
9785
9824
9786
9787
9825
9788
9789
9790
9826
9791
9792
9827
9793
9794
9795
9796
9722
9797
9723
9724
9798
9725
9726
9728
9799
9729
9730
9800
9731
9732
9733
9801
9734
9735
9802
9736
9737
9738
9804
9739
9740
9805
9741
9743
9716
9701
9699
9702
9703
9717
9744
9806
9745
9746
9807
9748
9749
9750
9809
9751
9752
9810
9753
9704
9754
9811
9755
9756
9812
9757
9705
9700
9706
9718
9758
9813
9759
9760
9814
9762
9763
9707
9712
9719
9764
9815
9766
9767
9816
9768
9769
9770
9817
9771
9772
9818
9774
9775
9776
9819
9777
9778
9820
9779
9708
9709
9720
9721
9780
9710
9646
9696
9695
9645
9644
9643
9642
9641
9640
9685
9639
9637
9636
9635
9633
9632
9631
9630
9629
9684
9628
9627
9626
9625
9624
9623
9622
9621
9620
9683
9618
9617
9694
9693
9616
9615
9614
9612
9611
9610
9609
9682
9608
9607
9692
9606
9605
9604
9603
9602
9601
9600
9681
9599
9598
9597
9596
9595
9594
9592
9591
9680
9590
9589
9587
9586
9584
9583
9582
9581
9580
9679
9579
9578
9577
9576
9575
9574
9691
9690
9573
9571
9570
9569
9568
9566
9565
9678
9564
9563
9562
9561
9560
9559
9558
9557
9556
9676
9555
9554
9553
9552
9551
9550
9548
9547
9546
9675
9545
9544
9542
9541
9540
9539
9538
9537
9536
9674
9535
9534
9533
9673
9672
9671
9670
9669
9668
9667
9666
9688
9665
9664
9663
9662
9661
9660
9659
9658
9657
9687
9656
9655
9654
9653
9652
9651
9650
9649
9647
9686
9638
9634
9619
9613
9593
9588
9585
9572
9567
9677
9549
9543
9689
9697
9698
9532
9414
9411
9419
9420
9426
9506
9441
9446
9511
9463
9468
9475
9526
9486
9487
9527
9488
9489
9490
9528
9491
9492
9529
9493
9494
9495
9530
9496
9497
9531
9498
9499
9412
9406
9415
9421
9500
9422
9423
9501
9424
9425
9427
9502
9428
9429
9503
9430
9431
9432
9504
9433
9434
9505
9435
9436
9437
9507
9438
9439
9508
9440
9442
9416
9417
9443
9404
9401
9403
9400
9268
9266
9265
9264
9263
9261
9260
9379
9259
9258
9257
9256
9255
9254
9253
9252
9251
9377
9250
9249
9248
9247
9246
9245
9243
9242
9241
9376
9240
9239
9237
9236
9235
9234
9233
9232
9231
9375
9230
9229
9392
9228
9227
9374
9373
9372
9371
9370
9369
9368
9390
9367
9366
9365
9364
9363
9362
9361
9360
9359
9389
9358
9357
9356
9355
9354
9353
9352
9351
9348
9387
9333
9328
9315
9308
9286
9280
9275
9267
9262
9378
9244
9238
9399
9398
9391
9226
9171
9169
9159
9151
9145
9067
9006
8993
9019
9054
9023
9025
9058
9032
9035
9041
9065
9042
9043
9066
9044
9045
9002
9003
9004
9130
9129
9128
9127
9143
9126
9125
9124
9108
9107
9193
9215
9221
9222
9198
9199
9223
9156
9170
9200
9224
9201
9202
9225
9175
9176
9160
9069
9068
9137
9136
9135
9134
9133
9144
9132
9131
9007
9047
9046
9005
8984
8928
8880
8927
8983
8982
8926
8879
8878
8925
8981
8980
8924
8923
8979
8978
8977
8921
8922
8877
8831
8832
8833
8834
8764
8763
8762
8761
8760
8759
8758
8757
8756
8755
8754
8753
8785
8747
8743
8727
8719
8693
8687
8681
8665
8661
8783
8647
8641
8631
8621
8612
8839
8787
8788
8844
8884
8935
8882
8933
8992
8932
8780
8601
8577
8560
8561
8562
8509
8453
8405
8407
8455
8512
8516
8352
8360
8263
8366
8474
8533
8567
8594
8610
8597
8598
8611
8599
8600
8575
8548
8487
8431
8430
8486
8547
8546
8485
8429
8484
8545
8544
8483
8428
8378
8379
8380
8381
8382
8383
8384
8311
8310
8309
8308
8307
8306
8305
8304
8303
8302
8301
8300
8299
8298
8297
8296
8295
8294
8293
8321
8286
8281
8142
8099
8037
8102
8138
8139
8103
8041
7986
7934
7935
7860
7936
7861
7862
7863
7937
7987
8042
8104
8105
8140
8106
8043
7988
8044
8107
8141
8108
8045
7989
8109
8046
7990
7944
7943
7942
7941
7940
7939
7938
7865
7866
7867
7868
7869
7870
7871
7872
7873
7874
7875
7876
7877
7878
7879
7880
7881
7882
7948
7947
7946
7945
7991
8047
8110
8111
8048
7992
7993
8049
8112
8051
7995
7952
7883
7739
7740
7741
7884
7996
8052
8114
8144
8145
8146
8147
8115
8053
7997
7953
8054
8055
8056
7999
8057
8116
8148
8149
8188
8186
8185
8184
8183
8182
8181
8180
8179
8178
8177
8324
8323
8322
8317
8316
8389
8435
8492
8554
8553
8491
8434
8388
8315
8314
8313
8312
8387
8386
8433
8490
8552
8551
8550
8489
8432
8488
8549
8576
8770
8769
8768
8767
8766
8765
8835
8836
8837
8838
8771
8772
8773
8774
8775
8776
8777
8842
8841
8840
8929
8985
8986
8930
8881
8931
8987
9008
9048
9049
8988
8778
8779
8613
8614
8615
8559
8556
8555
8391
8438
8494
8495
8439
8392
8326
8393
8440
8496
8497
8441
8394
8327
8328
8329
8395
8442
8498
8578
8602
8579
8580
8318
8189
8190
8191
8192
8193
8194
8195
8196
8197
8198
8199
8200
8201
8202
8203
8204
8205
8206
8207
8336
8401
8449
8505
8504
8448
8400
8335
8334
8399
8447
8503
8502
8446
8398
8333
8332
8331
8397
8445
8501
8396
8444
8500
8582
8581
8603
8634
8633
8632
8630
8629
8782
8628
8627
8626
8625
8624
8623
8622
8620
8619
8781
8618
8617
8616
8786
8843
8883
8934
9009
9050
9010
9011
9051
9012
9013
9014
9052
9015
9016
9053
9138
9074
9073
9072
9071
9070
9177
9203
9204
9205
9178
9179
9206
9078
9077
9076
9075
9017
9018
8936
8885
8845
8635
8636
8637
8638
8789
8846
8886
8937
8938
8887
8847
8939
8888
8848
8849
8889
8940
8941
8890
8850
8793
8792
8791
8790
8639
8640
8642
8643
8644
8645
8646
8648
8649
8650
8651
8652
8653
8654
8796
8795
8794
8851
8891
8942
8852
8892
8943
8989
8994
8944
8945
8946
8947
9020
9055
9021
9022
9056
9024
9057
9096
9095
9094
9093
9092
9091
9090
9140
9089
9088
9087
9086
9085
9084
9083
9082
9081
9139
9080
9079
9152
9161
9180
9207
9181
9182
9208
9183
9184
9185
9209
9186
9187
9210
9188
9189
9162
9211
9190
9097
9098
9099
9100
9101
9141
8955
8902
8863
8862
8901
8954
8953
8900
8861
8860
8899
8952
8859
8898
8951
8950
8897
8858
8857
8896
8949
8948
8895
8856
8801
8802
8803
8804
8805
8806
8807
8808
8809
8903
8956
8995
9026
9027
9102
9103
9104
9105
9029
9028
8996
8960
8907
8959
8906
8866
8865
8905
8958
8957
8904
8864
8810
8811
8812
8813
8814
8867
8908
8961
8962
8909
8868
8815
8816
8709
8708
8707
8706
8705
8704
8703
8702
8701
8700
8699
8698
8697
8696
8695
8694
8692
8691
8690
8689
8688
8686
8685
8684
8683
8682
8680
8679
8678
8677
8676
8675
8674
8673
8672
8671
8670
8669
8668
8667
8666
8664
8663
8662
8660
8659
8800
8855
8854
8894
8893
8853
8797
8798
8799
8658
8657
8656
8655
8511
8406
8454
8510
8508
8452
8404
8340
8341
8217
8216
8215
8213
8212
8211
8339
8403
8451
8507
8506
8450
8402
8337
8210
8209
8208
8067
8007
7962
7963
8008
8068
8069
8009
7964
7902
7901
7900
7773
7774
7775
7776
7777
7778
7904
7903
8011
8071
8010
8070
8119
8120
8151
8152
8072
8012
7965
7905
7906
8013
8073
8121
8153
8154
8074
8014
7966
7907
7790
7788
7787
7786
7785
7784
7783
7782
7781
7780
7723
7690
7691
7724
7692
7725
7693
7654
7655
7656
7647
7620
7586
7565
7561
7585
7619
7584
7618
7617
7583
7520
7521
7522
7418
7417
7416
7415
7414
7413
7412
7411
7410
7409
7408
7407
7406
7405
7404
7518
7563
7564
7615
7653
7614
7582
7562
7560
7581
7612
7772
7771
7770
7769
7899
7898
7961
8006
8066
8065
8064
8005
7960
7897
7768
7767
7766
7765
7764
7763
7762
7761
7892
7893
7894
7895
7896
7959
8004
8063
8062
8003
7958
7957
8002
8061
8060
8118
8117
8113
8059
8001
7956
8058
8000
7955
7890
7891
7760
7759
7758
7757
7756
7889
7954
7755
7754
7753
7752
7751
7887
7888
7998
7886
7750
7749
7748
7747
7885
7746
7744
7743
7742
7676
7716
7675
7646
7608
7578
7645
7607
7606
7644
7672
7671
7670
7669
7643
7605
7604
7642
7641
7603
7576
7577
7552
7553
7554
7555
7556
7557
7503
7502
7501
7500
7499
7498
7497
7496
7495
7494
7493
7492
7491
7490
7489
7488
7487
7486
7546
7548
7549
7550
7551
7575
7602
7640
7639
7601
7574
7573
7600
7638
7637
7599
7572
7571
7598
7636
7714
7713
7737
7712
7711
7736
7708
7857
7849
7840
7831
7822
7816
7808
7799
7789
7779
7911
7913
7922
7927
7978
8031
8093
8089
8025
7973
7970
8020
8082
8019
8079
8125
8155
8150
8214
8218
8222
8228
8344
8342
8338
8330
8187
8176
8385
8325
8443
8557
8499
8437
8493
8558
8436
8175
8172
8143
7951
8050
7994
7745
7864
7738
7673
7668
7715
7722
7613
7616
7569
7593
7629
7632
7596
7570
7541
7540
7452
7446
7437
7534
7523
7519
7396
7504
7547
7635
7559
7368
7270
7179
7254
7234
7205
7182
7171
6987
6909
6890
6908
6910
6862
6834
6811
6863
6911
6945
6947
6974
6948
6950
6981
6954
6955
6956
6985
6957
6958
6986
6959
6960
7105
7106
7107
7108
7109
7110
7111
7112
7113
7173
7172
7170
7169
7168
7167
7104
7103
7102
7101
7100
7099
7098
7097
7096
7095
7132
7093
7087
7075
7067
7051
7049
7047
7039
7037
7128
7027
7021
7011
7001
6996
6988
7133
7134
7183
7206
7235
7306
7342
7311
7312
7353
7318
7322
7329
7366
7330
7331
7367
7462
7471
7475
7513
7479
7480
7481
7482
7483
7484
7485
7332
7333
7255
7223
7194
7195
7224
7256
7257
7225
7196
7197
7226
7258
7259
7227
7198
7199
7228
7260
7261
7229
7200
7174
7115
7114
6936
6907
6893
6854
6827
6826
6853
6892
6891
6852
6825
6797
6798
6800
6742
6741
6740
6739
6738
6737
6736
6735
6734
6733
6732
6731
6730
6759
6729
6728
6727
6726
6717
6714
6713
6707
6703
6757
6694
6692
6679
6762
6761
6668
6661
6760
6799
6808
6658
6553
6342
6221
6125
6114
5933
5830
5781
5679
5605
5727
5730
5678
5616
5610
5609
5608
5556
5555
5553
5478
5476
5474
5473
5472
5471
5470
5424
5350
5349
5302
5221
5315
5347
5317
5321
5306
5272
5233
5200
5197
5229
5191
5222
5220
4999
5177
5127
5136
5144
5157
5208
5247
5288
5310
5283
5324
5444
5445
5446
5447
5816
5796
5827
5828
5798
5799
5829
5550
5549
5548
5547
5554
5546
5545
5544
5532
5528
5456
5457
5340
5460
5461
5401
5468
5409
5410
5469
5411
5412
5413
5414
5415
5416
5417
5299
5257
5218
5176
5258
5300
5418
5419
5420
5421
5422
5423
5348
5351
5352
5353
5354
5355
5356
5357
5358
5425
5426
5427
5428
5429
5430
5431
5432
5433
5434
5260
5224
5192
5181
5126
5303
5259
5223
5190
5180
5008
5007
5006
5005
5004
5003
5002
5001
5000
5124
5179
5301
5316
5219
5178
5123
5122
5121
5120
5119
5118
5117
5116
5115
5114
5113
4956
4957
4958
4959
4960
4961
4962
4963
4964
4965
4834
4786
4746
4706
4708
4747
4787
4835
4966
4967
4968
4836
4867
4868
4869
4870
4871
4872
4873
4874
4789
4748
4718
4662
4875
4876
4877
4878
4879
4880
4847
4837
4792
4751
4720
4710
4750
4791
4790
4749
4719
4664
4665
4504
4503
4502
4501
4500
4499
4498
4497
4496
4495
4494
4493
4492
4491
4490
4489
4488
4487
4486
4485
4484
4709
4661
4660
4659
4658
4657
4656
4655
4654
4653
4652
4651
4650
4649
4648
4647
4646
4645
4644
4643
4642
4641
4640
4639
4638
4637
4636
4703
4831
4951
4952
4953
4954
4704
4785
4832
4865
4955
5112
5111
5110
5109
5108
5107
5106
5105
5104
5103
5102
5101
5125
5096
5089
5166
4913
4909
4904
4898
4895
4889
4888
4848
4846
4866
4788
4833
4829
4705
4707
4663
4667
4519
4524
4359
4352
4348
4346
4465
4020
3968
3881
3850
3747
3702
3515
3383
3352
3267
3271
3277
3130
3134
3140
3144
3155
3168
3177
3182
3292
3316
3334
3366
3341
3376
3414
3485
3482
3481
3458
3455
3451
3593
3583
3721
3724
3727
3607
3614
3621
3628
3633
3637
3644
3651
3662
3665
3671
3673
3674
3496
3500
3506
3507
3508
3509
3510
3511
3380
3347
3322
3304
3247
3246
3245
3243
3242
3241
3240
3239
3238
3237
3236
3235
3234
3233
3232
3231
3230
3220
3213
3298
3199
3190
3186
3022
3027
3049
3052
3057
3058
3059
3060
2940
2912
2894
2872
2818
2817
2816
2815
2814
2813
2812
2811
2810
2809
2808
2802
2796
2791
2637
2694
2847
2851
2855
2744
2751
2758
2771
2781
2865
2893
2910
2936
2962
2961
2957
2925
2921
3244
2974
2956
2945
2875
2683
2546
2512
2553
2558
2521
2485
2477
2423
2429
2336
2319
2302
2293
2413
2503
2545
2535
2449
2412
2258
2256
2254
2113
2136
2145
2146
2077
2052
2083
2124
2125
2126
2181
2128
2089
2056
2034
2057
2092
2094
2059
2036
2061
2096
2099
2062
2063
2100
2138
2134
2129
2370
2384
2660
2643
2644
2534
2495
2467
2447
2385
2386
2387
2388
2389
2390
2391
2392
2393
2394
2230
2229
2228
2227
2101
2064
2037
2017
1971
1970
1969
1968
1967
1966
1965
1964
1963
1719
1720
1721
1722
1723
1724
1794
1697
1660
1565
1564
1563
1562
1561
1560
1559
1558
1557
1556
1555
1554
1553
1552
1551
1601
1602
1603
1604
1605
1606
1607
1608
1609
1610
1632
1659
1696
1695
1658
1657
1694
1656
1693
1692
1655
1631
1654
1691
1653
1690
1689
1652
1630
1651
1688
1687
1548
1539
1516
1508
1793
1792
1777
1773
1917
1925
1934
1945
1957
1960
1961
1962
2016
2015
2010
2008
2004
1893
2001
1999
1870
1863
1997
1992
1835
1830
2020
2069
2039
1726
1705
1725
1663
1634
1611
1429
1318
1389
1326
1327
1254
1227
1266
1319
1233
1274
1320
1321
1282
1238
1239
1284
1322
1382
1383
1384
1418
1385
1386
1419
1387
1388
1323
1286
1240
1143
1130
1131
1132
1133
1134
1135
1136
1137
1138
1139
1140
1142
1242
1288
1241
1287
1324
1325
1243
1244
1208
1144
1005
929
978
977
1000
976
975
999
974
973
972
998
971
970
997
969
968
967
1128
1129
996
966
965
964
995
1127
1126
1102
1071
1049
1039
1015
1007
1141
1181
1285
1004
1003
1002
1001
928
890
922
923
931
857
990
927
876
839
675
694
730
731
761
733
734
735
736
737
738
739
740
741
762
742
743
744
745
746
747
748
749
750
763
751
752
753
754
755
756
757
631
632
759
979
930
932
980
933
849
822
850
924
925
851
823
641
640
639
638
637
636
634
633
550
593
549
592
591
630
590
589
629
588
587
586
628
585
584
627
582
581
580
626
579
578
625
577
569
568
609
564
562
597
558
595
635
805
804
758
583
369
293
301
304
388
311
312
318
322
327
345
347
357
358
389
361
362
363
364
365
366
367
368
370
390
371
372
373
374
375
376
377
378
379
391
380
381
382
383
384
385
386
283
284
387
285
286
287
288
551
594
552
553
517
477
478
449
292
392
291
290
289
233
232
274
230
211
168
282
273
272
281
280
271
279
202
265
264
277
252
243
276
231
222
215
166
165
66
70
76
150
87
90
16
102
105
107
32
123
126
42
45
59
60
140
141
61
142
143
62
144
151
63
145
146
147
148
64
65
67
1
